6.520833 0.000000 0.000000 0.000000 0.000000 0.000000 0.000000 -0.744792 0.755208 0.000000 0.000000 0.000000 0.000000 0.000000 0.000000 -6.489583 0.000000 0.000000 0.000000 0.000000 0.000000 0.000000 0.000000
0.000000 6.520833 0.000000 0.000000 0.000000 0.000000 0.000000 0.000000 0.755208 -0.744792 0.000000 0.000000 0.000000 0.000000 0.000000 0.000000 0.000000 0.000000 0.000000 -6.489583 0.000000 0.000000 0.000000
0.000000 0.000000 6.520833 0.000000 0.000000 0.000000 0.000000 0.000000 0.000000 0.000000 0.000000 -0.744792 0.000000 0.755208 0.000000 0.000000 0.000000 0.000000 0.000000 0.000000 0.000000 0.000000 -6.489583
0.000000 0.000000 0.000000 6.520833 0.000000 0.000000 0.000000 0.000000 0.000000 0.000000 0.000000 0.000000 -0.744792 0.755208 0.000000 0.000000 0.000000 0.000000 -6.489583 0.000000 0.000000 0.000000 0.000000
0.000000 0.000000 0.000000 0.000000 11.531250 0.000000 0.000000 -0.744792 0.000000 0.000000 0.000000 0.000000 -0.744792 0.000000 0.000000 0.000000 -4.989583 -4.989583 0.000000 0.000000 0.000000 0.000000 0.000000
0.000000 0.000000 0.000000 0.000000 0.000000 13.041667 0.000000 0.000000 0.000000 -0.744792 1.510417 -0.744792 0.000000 0.000000 0.000000 0.000000 0.000000 0.000000 0.000000 0.000000 -6.489583 -6.489583 0.000000
0.000000 0.000000 0.000000 0.000000 0.000000 0.000000 26.062500 1.510417 -1.489583 0.000000 0.000000 0.000000 0.000000 0.000000 0.000000 -6.489583 0.000000 -7.989583 0.000000 -4.989583 -6.489583 0.000000 0.000000
-0.744792 0.000000 0.000000 0.000000 -0.744792 0.000000 1.510417 13.041667 0.000000 0.000000 0.000000 0.000000 0.000000 0.000000 0.000000 -6.489583 0.000000 -6.489583 0.000000 0.000000 0.000000 0.000000 0.000000
0.755208 0.755208 0.000000 0.000000 0.000000 0.000000 -1.489583 0.000000 13.041667 0.000000 0.000000 0.000000 0.000000 0.000000 0.000000 -6.489583 0.000000 0.000000 0.000000 -6.489583 0.000000 0.000000 0.000000
0.000000 -0.744792 0.000000 0.000000 0.000000 -0.744792 0.000000 0.000000 0.000000 11.531250 0.000000 0.000000 0.000000 0.000000 0.000000 0.000000 0.000000 0.000000 0.000000 -4.989583 -4.989583 0.000000 0.000000
0.000000 0.000000 0.000000 0.000000 0.000000 1.510417 0.000000 0.000000 0.000000 0.000000 26.062500 0.000000 0.000000 0.000000 -1.489583 0.000000 -4.989583 -6.489583 0.000000 0.000000 -7.989583 -6.489583 0.000000
0.000000 0.000000 -0.744792 0.000000 0.000000 -0.744792 0.000000 0.000000 0.000000 0.000000 0.000000 13.041667 0.000000 0.000000 1.510417 0.000000 0.000000 0.000000 0.000000 0.000000 0.000000 -6.489583 -6.489583
0.000000 0.000000 0.000000 -0.744792 -0.744792 0.000000 0.000000 0.000000 0.000000 0.000000 0.000000 0.000000 11.531250 0.000000 0.000000 0.000000 -4.989583 0.000000 -4.989583 0.000000 0.000000 0.000000 0.000000
0.000000 0.000000 0.755208 0.755208 0.000000 0.000000 0.000000 0.000000 0.000000 0.000000 0.000000 0.000000 0.000000 13.041667 -1.489583 0.000000 0.000000 0.000000 -6.489583 0.000000 0.000000 0.000000 -6.489583
0.000000 0.000000 0.000000 0.000000 0.000000 0.000000 0.000000 0.000000 0.000000 0.000000 -1.489583 1.510417 0.000000 -1.489583 24.572917 0.000000 -4.989583 0.000000 -4.989583 0.000000 0.000000 -6.489583 -6.489583
-6.489583 0.000000 0.000000 0.000000 0.000000 0.000000 -6.489583 -6.489583 -6.489583 0.000000 0.000000 0.000000 0.000000 0.000000 0.000000 26.041667 0.000000 0.000000 0.000000 0.000000 0.000000 0.000000 0.000000
0.000000 0.000000 0.000000 0.000000 -4.989583 0.000000 0.000000 0.000000 0.000000 0.000000 -4.989583 0.000000 -4.989583 0.000000 -4.989583 0.000000 23.062500 -1.489583 -1.489583 0.000000 0.000000 0.000000 0.000000
0.000000 0.000000 0.000000 0.000000 -4.989583 0.000000 -7.989583 -6.489583 0.000000 0.000000 -6.489583 0.000000 0.000000 0.000000 0.000000 0.000000 -1.489583 26.062500 0.000000 0.000000 1.510417 0.000000 0.000000
0.000000 0.000000 0.000000 -6.489583 0.000000 0.000000 0.000000 0.000000 0.000000 0.000000 0.000000 0.000000 -4.989583 -6.489583 -4.989583 0.000000 -1.489583 0.000000 24.552083 0.000000 0.000000 0.000000 0.000000
0.000000 -6.489583 0.000000 0.000000 0.000000 0.000000 -4.989583 0.000000 -6.489583 -4.989583 0.000000 0.000000 0.000000 0.000000 0.000000 0.000000 0.000000 0.000000 0.000000 24.552083 -1.489583 0.000000 0.000000
0.000000 0.000000 0.000000 0.000000 0.000000 -6.489583 -6.489583 0.000000 0.000000 -4.989583 -7.989583 0.000000 0.000000 0.000000 0.000000 0.000000 0.000000 1.510417 0.000000 -1.489583 26.062500 0.000000 0.000000
0.000000 0.000000 0.000000 0.000000 0.000000 -6.489583 0.000000 0.000000 0.000000 0.000000 -6.489583 -6.489583 0.000000 0.000000 -6.489583 0.000000 0.000000 0.000000 0.000000 0.000000 0.000000 26.041667 0.000000
0.000000 0.000000 -6.489583 0.000000 0.000000 0.000000 0.000000 0.000000 0.000000 0.000000 0.000000 -6.489583 0.000000 -6.489583 -6.489583 0.000000 0.000000 0.000000 0.000000 0.000000 0.000000 0.000000 26.041667
