6.500000 0.000000 0.000000 0.000000 0.000000 0.000000 0.000000 -0.750000 0.750000 0.000000 0.000000 0.000000 0.000000 0.000000 0.000000 -6.500000 0.000000 0.000000 0.000000 0.000000 0.000000 0.000000 0.000000
0.000000 6.500000 0.000000 0.000000 0.000000 0.000000 0.000000 0.000000 0.750000 -0.750000 0.000000 0.000000 0.000000 0.000000 0.000000 0.000000 0.000000 0.000000 0.000000 -6.500000 0.000000 0.000000 0.000000
0.000000 0.000000 6.500000 0.000000 0.000000 0.000000 0.000000 0.000000 0.000000 0.000000 0.000000 -0.750000 0.000000 0.750000 0.000000 0.000000 0.000000 0.000000 0.000000 0.000000 0.000000 0.000000 -6.500000
0.000000 0.000000 0.000000 6.500000 0.000000 0.000000 0.000000 0.000000 0.000000 0.000000 0.000000 0.000000 -0.750000 0.750000 0.000000 0.000000 0.000000 0.000000 -6.500000 0.000000 0.000000 0.000000 0.000000
0.000000 0.000000 0.000000 0.000000 11.500000 0.000000 0.000000 -0.750000 0.000000 0.000000 0.000000 0.000000 -0.750000 0.000000 0.000000 0.000000 -5.000000 -5.000000 0.000000 0.000000 0.000000 0.000000 0.000000
0.000000 0.000000 0.000000 0.000000 0.000000 13.000000 0.000000 0.000000 0.000000 -0.750000 1.500000 -0.750000 0.000000 0.000000 0.000000 0.000000 0.000000 0.000000 0.000000 0.000000 -6.500000 -6.500000 0.000000
0.000000 0.000000 0.000000 0.000000 0.000000 0.000000 26.000000 1.500000 -1.500000 0.000000 0.000000 0.000000 0.000000 0.000000 0.000000 -6.500000 0.000000 -8.000000 0.000000 -5.000000 -6.500000 0.000000 0.000000
-0.750000 0.000000 0.000000 0.000000 -0.750000 0.000000 1.500000 13.000000 0.000000 0.000000 0.000000 0.000000 0.000000 0.000000 0.000000 -6.500000 0.000000 -6.500000 0.000000 0.000000 0.000000 0.000000 0.000000
0.750000 0.750000 0.000000 0.000000 0.000000 0.000000 -1.500000 0.000000 13.000000 0.000000 0.000000 0.000000 0.000000 0.000000 0.000000 -6.500000 0.000000 0.000000 0.000000 -6.500000 0.000000 0.000000 0.000000
0.000000 -0.750000 0.000000 0.000000 0.000000 -0.750000 0.000000 0.000000 0.000000 11.500000 0.000000 0.000000 0.000000 0.000000 0.000000 0.000000 0.000000 0.000000 0.000000 -5.000000 -5.000000 0.000000 0.000000
0.000000 0.000000 0.000000 0.000000 0.000000 1.500000 0.000000 0.000000 0.000000 0.000000 26.000000 0.000000 0.000000 0.000000 -1.500000 0.000000 -5.000000 -6.500000 0.000000 0.000000 -8.000000 -6.500000 0.000000
0.000000 0.000000 -0.750000 0.000000 0.000000 -0.750000 0.000000 0.000000 0.000000 0.000000 0.000000 13.000000 0.000000 0.000000 1.500000 0.000000 0.000000 0.000000 0.000000 0.000000 0.000000 -6.500000 -6.500000
0.000000 0.000000 0.000000 -0.750000 -0.750000 0.000000 0.000000 0.000000 0.000000 0.000000 0.000000 0.000000 11.500000 0.000000 0.000000 0.000000 -5.000000 0.000000 -5.000000 0.000000 0.000000 0.000000 0.000000
0.000000 0.000000 0.750000 0.750000 0.000000 0.000000 0.000000 0.000000 0.000000 0.000000 0.000000 0.000000 0.000000 13.000000 -1.500000 0.000000 0.000000 0.000000 -6.500000 0.000000 0.000000 0.000000 -6.500000
0.000000 0.000000 0.000000 0.000000 0.000000 0.000000 0.000000 0.000000 0.000000 0.000000 -1.500000 1.500000 0.000000 -1.500000 24.500000 0.000000 -5.000000 0.000000 -5.000000 0.000000 0.000000 -6.500000 -6.500000
-6.500000 0.000000 0.000000 0.000000 0.000000 0.000000 -6.500000 -6.500000 -6.500000 0.000000 0.000000 0.000000 0.000000 0.000000 0.000000 26.000000 0.000000 0.000000 0.000000 0.000000 0.000000 0.000000 0.000000
0.000000 0.000000 0.000000 0.000000 -5.000000 0.000000 0.000000 0.000000 0.000000 0.000000 -5.000000 0.000000 -5.000000 0.000000 -5.000000 0.000000 23.000000 -1.500000 -1.500000 0.000000 0.000000 0.000000 0.000000
0.000000 0.000000 0.000000 0.000000 -5.000000 0.000000 -8.000000 -6.500000 0.000000 0.000000 -6.500000 0.000000 0.000000 0.000000 0.000000 0.000000 -1.500000 26.000000 0.000000 0.000000 1.500000 0.000000 0.000000
0.000000 0.000000 0.000000 -6.500000 0.000000 0.000000 0.000000 0.000000 0.000000 0.000000 0.000000 0.000000 -5.000000 -6.500000 -5.000000 0.000000 -1.500000 0.000000 24.500000 0.000000 0.000000 0.000000 0.000000
0.000000 -6.500000 0.000000 0.000000 0.000000 0.000000 -5.000000 0.000000 -6.500000 -5.000000 0.000000 0.000000 0.000000 0.000000 0.000000 0.000000 0.000000 0.000000 0.000000 24.500000 -1.500000 0.000000 0.000000
0.000000 0.000000 0.000000 0.000000 0.000000 -6.500000 -6.500000 0.000000 0.000000 -5.000000 -8.000000 0.000000 0.000000 0.000000 0.000000 0.000000 0.000000 1.500000 0.000000 -1.500000 26.000000 0.000000 0.000000
0.000000 0.000000 0.000000 0.000000 0.000000 -6.500000 0.000000 0.000000 0.000000 0.000000 -6.500000 -6.500000 0.000000 0.000000 -6.500000 0.000000 0.000000 0.000000 0.000000 0.000000 0.000000 26.000000 0.000000
0.000000 0.000000 -6.500000 0.000000 0.000000 0.000000 0.000000 0.000000 0.000000 0.000000 0.000000 -6.500000 0.000000 -6.500000 -6.500000 0.000000 0.000000 0.000000 0.000000 0.000000 0.000000 0.000000 26.000000
