Element 0:
[[ 3.25 -0.75 -2.5 ]
 [-0.75  3.25 -2.5 ]
 [-2.5  -2.5   5.  ]]

Element 1:
[[ 5.   -2.5  -2.5 ]
 [-2.5   3.25 -0.75]
 [-2.5  -0.75  3.25]]

Element 2:
[[ 3.25 -4.    0.75]
 [-4.    8.   -4.  ]
 [ 0.75 -4.    3.25]]

Element 3:
[[ 3.25 -0.75 -2.5 ]
 [-0.75  3.25 -2.5 ]
 [-2.5  -2.5   5.  ]]

Element 4:
[[ 8.   -4.   -4.  ]
 [-4.    3.25  0.75]
 [-4.    0.75  3.25]]

Element 5:
[[ 3.25  0.75 -4.  ]
 [ 0.75  3.25 -4.  ]
 [-4.   -4.    8.  ]]

Element 6:
[[ 3.25 -0.75 -2.5 ]
 [-0.75  3.25 -2.5 ]
 [-2.5  -2.5   5.  ]]

Element 7:
[[ 3.25 -0.75 -2.5 ]
 [-0.75  3.25 -2.5 ]
 [-2.5  -2.5   5.  ]]

Element 8:
[[ 3.25 -0.75 -2.5 ]
 [-0.75  3.25 -2.5 ]
 [-2.5  -2.5   5.  ]]

Element 9:
[[ 5.   -2.5  -2.5 ]
 [-2.5   3.25 -0.75]
 [-2.5  -0.75  3.25]]

Element 10:
[[ 5.   -2.5  -2.5 ]
 [-2.5   3.25 -0.75]
 [-2.5  -0.75  3.25]]

Element 11:
[[ 3.25 -0.75 -2.5 ]
 [-0.75  3.25 -2.5 ]
 [-2.5  -2.5   5.  ]]

Element 12:
[[ 3.25 -0.75 -2.5 ]
 [-0.75  3.25 -2.5 ]
 [-2.5  -2.5   5.  ]]

Element 13:
[[ 3.25 -4.    0.75]
 [-4.    8.   -4.  ]
 [ 0.75 -4.    3.25]]

Element 14:
[[ 3.25  0.75 -4.  ]
 [ 0.75  3.25 -4.  ]
 [-4.   -4.    8.  ]]

Element 15:
[[ 3.25  0.75 -4.  ]
 [ 0.75  3.25 -4.  ]
 [-4.   -4.    8.  ]]

Element 16:
[[ 3.25 -2.5  -0.75]
 [-2.5   5.   -2.5 ]
 [-0.75 -2.5   3.25]]

Element 17:
[[ 3.25 -0.75 -2.5 ]
 [-0.75  3.25 -2.5 ]
 [-2.5  -2.5   5.  ]]

Element 18:
[[ 3.25 -4.    0.75]
 [-4.    8.   -4.  ]
 [ 0.75 -4.    3.25]]

Element 19:
[[ 3.25 -0.75 -2.5 ]
 [-0.75  3.25 -2.5 ]
 [-2.5  -2.5   5.  ]]

Element 20:
[[ 3.25 -0.75 -2.5 ]
 [-0.75  3.25 -2.5 ]
 [-2.5  -2.5   5.  ]]

Element 21:
[[ 8.   -4.   -4.  ]
 [-4.    3.25  0.75]
 [-4.    0.75  3.25]]

Element 22:
[[ 3.25  0.75 -4.  ]
 [ 0.75  3.25 -4.  ]
 [-4.   -4.    8.  ]]

Element 23:
[[ 3.25 -0.75 -2.5 ]
 [-0.75  3.25 -2.5 ]
 [-2.5  -2.5   5.  ]]

Element 24:
[[ 5.   -2.5  -2.5 ]
 [-2.5   3.25 -0.75]
 [-2.5  -0.75  3.25]]

Element 25:
[[ 3.25  0.75 -4.  ]
 [ 0.75  3.25 -4.  ]
 [-4.   -4.    8.  ]]

Element 26:
[[ 3.25 -0.75 -2.5 ]
 [-0.75  3.25 -2.5 ]
 [-2.5  -2.5   5.  ]]

Element 27:
[[ 5.   -2.5  -2.5 ]
 [-2.5   3.25 -0.75]
 [-2.5  -0.75  3.25]]

Element 28:
[[ 3.25 -4.    0.75]
 [-4.    8.   -4.  ]
 [ 0.75 -4.    3.25]]

Element 29:
[[ 8.   -4.   -4.  ]
 [-4.    3.25  0.75]
 [-4.    0.75  3.25]]

Element 30:
[[ 5.   -2.5  -2.5 ]
 [-2.5   3.25 -0.75]
 [-2.5  -0.75  3.25]]

Element 31:
[[ 3.25 -0.75 -2.5 ]
 [-0.75  3.25 -2.5 ]
 [-2.5  -2.5   5.  ]]

